order_id
1156160403932259234
1156091353586762302
1156158587234282390
1729385504477913778
1729384739974323841
1729384022714280814
1156161022393537133
1729384486572416775
1156158565734166306
1156160666007815684
1156158552873806431
1729385504480245711
1156158570208824265
1729385530249569213
1156161718148976144
1729382364857351149
1729384800103693931
1729384460801476169
1729385495889039139
1156158552767247011
1729384503750857461
1729384568174576553
1729384735678783400
1156158561497250457
1156088218280669949
1729385856664855430
1156088196856285182
1729386165904143312
1729385998399791625
1156158587188856476
1729384967609020146
1729385517362243253
1729384022713917057
1156088188201117294
1729385521659747100
1156158587162443338
1729386028464811676
1729384460802384748
1729384108614476472
1156089609727969884
1156088222578650845
1156161769957418639
1729384731384256367
1156160752014846619
1729384722795630425
1156161718260583234
1156088205213925070
1729384022715666015
1156158587308582477
1729385315501760266
1729385126522815170
1729384022716481037
1156161769698932665
1156088196790783625
1156159802688759379
1729384714205339611
1156161022393743924
1729384800104832615
1156161709622987366
1156161769690636826
1156158569959355007
1156161696913416122
1156090301253085739
1729385534544417752
1729384641189344992
1156089442204783300
1156091405057376147
1729385315499247599
1156161769714029329
1156158561372719048
1729385315500513129
1729383777903075211
1156158587314148019
1156158552881297278
1729384795810236962
1156088226752762541
1156090554812087166
1729384538111565572
1156088145001833042
1729385397104022080
1729384795806022618
1729384624010477104
1156088196698268260
1156091843055072871
1729382343384012696
1156089438012465857
1729385998399872635
1729384469390209993
1156161718397478795
1729382364858261363
1156161769815809813
1729382364856905287
1729384538112315303
1729385319795806207
1156160404011588262
1729384108613872192
1729383593218632677
1156161709661239981
1729385654801165959
1729383850915604266
1729385513069860785
1156091344871525000
1729384817282768481
1729386165904485201
1729383850916357698
1156159974485052173
1729385100751025751
1156159802767706018
1156161769982919250
1156091353674053553
1156091405203350215
581811065458568795
1156161718205305758
1729384555289427701
1156091353550734186
1156089609772696112
1156161769938203332
1156090554620328863
1156090039277197865
1729385521660232680
1729385770766402450
1729384795810670238
1729384817282765377
1729384563879641660
1156159802839738241
1729385513070292925
1156091405140692594
1156091404957395805
1156088222405246662
1729385680571590216
1156158909403283001
1729384477979982485
1156161709540472602
1729384572470031173
1729382364857032702
1729384538111678075
1156161009535768266
1729384546700634671
1156089459385163698
1729382364857084458
1729382364856415821
1729384705615235943
1729382364858641372
1156161769759400467
1729385478710093368
1729384022714036051
1729385311206565816
1156088218154269452
1156089609708454793
1156089609797121645
1729385397104504795
1156088145080109640
1729385126521983630
1729384538111208287
1729385998399268800
1156091405155958657
1156161718148480763
1729384022715473652
1729385513069161994
1729384538109726632
1156090301329506107
1729382695569513080
1729384800102484959
1729386256097719088
1729386028463439572
1729384473687815934
1729385749292183417
1729385397105315700
1729384477982179955
1729385105046053680
1729384967608989666
1729384624010193758
1156088222391762850
1729384744268088127
1729382364857273993
1729385517362454232
1729384800103697346
1156090301284633343
1156158552880717413
1729385319796192133
1156091327661640358
1729384555292181144
1156159802687980295
1156091332072750838
1156088222461654645
1729385397103303411
1156158561595960030
1729383850916943729
1156158587428130764
1156091404950847014
1729384460801188836
1156161718245322665
1729384654072819326
1156089609695578978
1156090554772978548
1156161709675032544
1729384108615943984
1156158552955153240
1156090657695030215
1729384727088254631
1729385586084151255
1729384447917141591
1729385581786882745
1729384022715103214
1156091345048194563
1156090657662079578
1729384018419723017
1729384022716117703
1729384447918313140
1156091405167398906
1729384641191318331
1156088188241209185
1156158582835476269
1729385315501345447
1156160403874461530
1156088222483133074
1156090039328029554
1729384649779467093
1156161696665661197
1729385826600347469
1729385105046612680
1729384714205088758
1156158587236695874
1156161696687623769
1156088226891571128
1729384800105349000
1156161769917732568
1729385938270843442
1156161696910713725
1156161718285326956
1729385478708727353
1729385530249914137
1729384800103444368
1156091353473170265
1156158587248284625
1729385319795787500
1729383850917472191
1729385830896654159
1729385358448866015
1729384460800358996
1729383597513428693
1729384731383950958
1156091353521296106
1156161769861853085
1156088196624330378
1156091405029018484
1729384555290172270
1156160751859610568
1729384469390386102
1729384817284831056
1156158561460802477
1729385560311979579
1156159974648809324
1729384469392523149
1156088205210443280
1156161709824611996
1156090039216321088
1156161709786880698
1729384795810073203
1729385521657707468
1156158552903038747
1729384447917425348
1156158509888588657
1729383777900922592
1729384108615151189
1156158561633682139
1156160919385081543
1156158565804628604
1729384477981221862
1156091405125120946
1156161718132423605
1729385504479990758
1156160919420709660
1156161718408583131
1156088218187251581
1156158587299970787
1156090386943120975
1156161709540728355
1729384469391492806
1729382377742223079
1729385654801554105
1729384735678378537
1729382351973744583
1156158587424713670
1729384636895905295
1729384022715485078
1729384022716344841
1729384460800280271
1729384477980006028
1729385504477980499
1729385336976464830
1156158570207106816
1156091353679434253
1729384057074815874
1729384722795875017
1156158587356334661
1729384722795070365
1156091353429894880
1156159974448091800
1156161718307513071
1156161022552949433
1156160232235511390
1729385319796555589
1156161769690746406
1156091353598751741
1729385397105984162
1729384482277108713
1729382364858413961
1156158561583452684
1729385397104252482
1729385495889013702
1729384473685748377
1156091344882077389
1156089437868830563
1729385478708078577
1156158591720747824
1156091332133974716
1156158561462781514
1729384108615539704
1729384469391186613
1156091345053317725
1156090039267643234
1729384538111761215
1156091344975280069
1729384447915323079
1156091353505590081
1156088188191529501
1156161709661630055
1156159802667416342
1156158565641738925
1729384108614084129
1729386002694657809
1156090554758942672
1729384744269213608
1156159802689691409
1729383618987702932
1729385306910783399
1729385800832786948
1729384486571470564
1156161718218089441
1156158510065277768
1729385998400925396
1156161022565917657
1729384800103534454
1156090387242005008
1156161022407001810
1156088218190847960
1156161718178242504
1156091332041154270
1729385762176446430
1156158591478245047
1729384735678584797
1729384555290253010
1729384744270167776
1156091331944074054
1156090657676707391
1729385397105471289
1156089609723915937
1729385521659914880
1156090039228398209
1729385998400840407
1156088222532387605
1156161718258718676
1156159802621870023
1156161769763232523
1729385397104938884
1729384800103696224
1729384460800640641
1729384744270122961
1156090657689836399
581811065230665650
1729385105047465536
1156158561405016706
1729383846622140944
1156090301250825164
1729385856664720223
1156091353640587207
1156158570233075230
1156158583029027486
1729382377741400773
1729385998400607753
1729382364857992906
1156161769989183341
1729385504477375363
1729384538111523345
1729385921089091443
1729385586083859282
1729384555292010302
1156160752049572575
1156162207807317963
1729384722793186910
1729384800104630950
1156158565626013611
1729385495887432554
1729384800105404944
1729384795807809119
1729384452212196952
1729384465097479718
1156160752027624022
581811065795126260
1729384555292280449
1729382364859124253
1729384795809756774
1729384808695190450
1156158587128641206
1156160665864542066
1729384108613179269
1729385534543346181
1156089438117872184
1156088201106029324
1729386002694716061
1156091344892484335
1156088205211460583
1156088222514719232
1156161718133483200
1156158553014969301
1156160404149147641
1156161554949712615
1156160919345685242
1156090039181975523
1156158561493526164
1729384744268825530
1729385513067858777
1156158582860198598
1156158587265687231
1156161696771413686
1156159974535547684
1156088145158125458
1156161709636938672
1156160665960165198
1156158561379540521
1729384744267935267
1156158561604290134
1729383618986571594
1156088145097003625
1156158552850241043
1156161769964129052
1729385856665288608
1729384538110373399
1729384022715525942
1156159802886969342
1156158569941302260
1729385568904515524
1729384727090640555
1729385534543316893
1729384744268207651
1156090657641113457
1156161769820289954
1156088200958504595
1156088222473533184
1156161769757447100
1156158561377214247
1729384469392765573
1156090554649400117
1729384731385921074
1729384718501298778
1729384469390290565
1729383850916921890
1729384031304656491
1156160403897110254
1156158570240335465
1729384460802354921
1156088205392273386
1156160919536581337
1729385564607603200
1729384572470641350
1729384108613702432
1729382712750479200
1729384022715177686
1729385530250108896
1729385504477456897
1156161718156923488
1156161718293632890
1156158561541133107
1156089437918460458
1156158565670348719
1156090554812839773
1156159802809701057
1156161769672813406
1156090554620009433
1729384460802486995
1729383597513775658
1156161769851382312
1729384538111746560
1156158561604034505
1156090387254473229
1156161022547806784
1729385397104363417
1729383777902859253
1156088188054811619
1729384022715312099
1156090657689007899
1729385491594084279
1729383618989417033
1156158587353488177
1729385766471896929
1729384460800807785
1729384538111973197
1729385513067599828
1156161769754254240
1156091405006937855
1729383618988360211
1729384460802794169
1729385427168414374
1729385397103275772
1729385414285280133
1156088188227910221
1729384538111542004
1156091332060409786
1729384447915829107
1729382351974097524
1156090644782631649
1156091344897885958
1729384022715965244
1729385397105466958
1156091405092972271
1729384795809389495
1156088145197936261
1729383597513913109
1156160665875525428
1729384022714977191
1729384744268133329
1729385680572910310
1729385534544938719
1156089437873877628
1729385916795314797
1156161769743161087
1729384795808722641
1729382364856815553
1156159802617471964
1156090039305934481
1729385105045519169
1156161022679136104
1156090554618086072
1156158557212140401
1729384465096661707
1156161769930460787
1729384744270864120
1156090387266559602
1156090554610264742
1729384731386118673
1729384795807557243
1729384447916938040
1729386028465771234
1729384022713710384
1156158587172638379
1729385998401271727
1156158582834341515
1156088145255422608
1156088145148466750
1156088188049240835
1729382364856462223
1729385517362649919
1156161769911854027
1729385478709062308
1729384503751096269
1156158583062929348
1729384520931043840
1156161769928554124
1729384624008956836
1729385315500231305
1156159802594649672
1729385560313866848
1729384027009007364
1156161769702613928
1729385397104165500
1156159974582105882
1729385311203839941
1729383597513363448
1156088200849268498
1729384800104476311
1729384624010708520
1156088218332115723
1156088205300970314
1729385513070191473
1156091379267092465
1729385680571481856
1156161769747214109
1156158587134857196
1729384469390368346
1156088200936411694
1729385401400628863
1156161709741979639
1729385324089702933
1156090554717859534
1729385392808251179
1729384800103751402
1729385998399255357
1156158587387254409
1729382364858775461
1156088192525751973
1729384735681039936
1156158587141448514
1156161769955544929
581811065510263675
1156090039160505904
1156161769843252798
1156088222643335130
1729385513069078526
1156160404054000626
1729385998401222304
1729385530248798049
1156091405202904973
1729384808694727469
1729384800103039565
1156161696808250245
1729384563880208204
1729385998400537313
1729383588921975600
1729385397105567479
1729384555291415168
1729384555289752309
1156088196676155282
1729384022714051101
1729384022714044329
1156158509821239066
1156158587315188443
1729385336973901455
1729384795809556242
1729382300433540037
1156160696060354216
1729384718498386915
1729384714203973123
1729385556017010607
1729383949699613683
1156088205401666172
1156088218114163501
1156161769724929989
1729383614692297295
1729384503749982100
1729383601808222122
1156088218065848257
1729383850916399799
1729384460801890865
1729385478707713591
1156091344969252388
1156088222417371960
1156160404109632127
1729384533815778207
1156161022532654794
1156161696695409611
1156160751965713339
1156161718301391728
1156158587276776260
1729384555291450294
1729384971903641334
1156089609835891576
1729384533816003414
1156090039274615325
1156161022439022369
1156158552850757438
1729384022715335673
1729384563879944865
1729384460800256980
1156158569990371226
1729382364856721991
1156161769974655659
1156089438061296528
1156161769820053105
1156090039255561818
1729384460800800592
1156161022387086983
1729383777903262494
1156091405042696902
1729384460802780971
1729384722794560398
1156090039163367215
1729385998400883246
1729384795810216504
1729385762177094200
1729384503751384907
1156160403946041862
1729383597512097723
1156161769697186326
1156161718178338798
1156159802674815658
1156159802818251613
1729385998399226751
1729384482275298832
1729385405693405124
1729385654801244679
1729385998401134337
1729382364856696736
1729384649779399411
1156158587230029649
1729383850917528476
1729384632599480914
1729384555290110800
1729382364856664985
1156088222476577368
1729384744270410343
1729384533814720320
1156161769847271044
1156161709642944321
1156161696889904969
1729384452213225096
1156161709583607341
1729384800105657041
1729384538110388128
1729385998398588635
1729385521657718762
1729384722794583570
1156158552977637162
1729385586083650190
1156091404914926431
1156158552814942015
1156160919514368568
1156161718214998697
1729384538112509782
1729384971901966119
1156158587175906116
1729384022715229912
1729385534542970803
1729384563880133406
1729384460801102797
1156088192467079819
1156158583102603042
1156161718459773797
1729384538110224347
1729385405696081878
1156160404066241244
1156091405037074330
1156158552768508874
1729384447916440468
1729385100752294515
1156158587101336224
1156158552987848453
1156090554670507953
1156160751789822863
1729382695570467504
1156091353641638548
1729384460801072761
1156090657817744082
1156090657836702431
1729385534543092234
1156088188118905461
1729385998399954438
1729385603263519370
1729384486571460550
1156088218236661585
1729385397103724073
1729384460800383632
1729385397105138294
1729384538111386520
1156091405166096094
1729384538112050761
1729384744269656032
1156088218273124043
1729383777900633044
1156161709838041953
1729384022715874896
1729384538110490470
1156088201062526972
1729383777902590644
1729385856664464057
1729385603261914947
1156088205260131948
1729384022715250386
1729384967608542811
1156090387272241976
1156088218238019491
1156161769858103267
1156089438073026369
1729384624009629368
1729385770767183795
1156161696655638416
1729384533814644691
1729385534542148258
1729384971902839319
1156161709689109253
1156160404056212281
1729385397105251265
1156161744109678493
1156161022383647392
1156161696792089334
1156088188176173026
1156090039252396998
1156161769853421513
1729382364857739784
1156161022443754454
1729382364856889038
1156088222575856141
1729385092162355944
1729385100751064774
1156088205252256424
1729384447917571612
1156091353509085143
1156089438047678312
1156161769907159762
1156161718430811129
1156158561458338559
1729384555287869001
1156089438099609471
1156160751815403315
1729384538110814014
1729385517362821639
1729382704159018636
1729385762176911024
1156158587141139001
1156088145285329886
1729384538110616394
1729384447916220348
1156161769929561618
1729384722792576628
1729385998399759301
1156158582812972932
1156160404195562314
1729384555290015322
1156088226923752026
1156088222597602859
1729384555289839211
1729384460800533233
581811065526029954
1729385513069960118
1729385405694334913
1156089437927328374
1729385397104423427
1156091353419888426
1156158561537768279
1729385560313838567
1729385577492108937
1729385422875550461
1729385680571391963
1729384817284973391
1729383885275260661
1729384555290882011
1729382377743491049
1729384022714372812
1156158587128461050
1729385568903652086
1156091353450919934
1729385998399680304
1729385397104817878
1156090387155564538
1729383597513449436
1729384572470372296
1729384735679399809
1156161709814548429
1729384572469708673
1156161718316042849
1729384022716328899
1729384628306560523
1156158583074648862
1156088218275853167
1729383610396977792
1729384636893907775
1156158561583421143
1729384022715757213
1156158583115087812
1729384486571993654
1729385397104189035
1156159974541403896
1156160404104021573
1729382364857303813
1729384469392879590
1156159974521526261
1729384460801755038
1156091353483530850
1729385654801281842
1729385478707665694
1729385517363383236
1156160751781227487
1729383618987063917
1729384744268912492
1156161769810010854
1729383850916228734
1156088196622333508
1729385654802199505
1156161769806210760
1156090387041704645
1729383850916405984
1729386006988445418
1729384447915339401
1156158570239206294
1156161718218346033
1729385504479210467
1729384808694165370
1729385504478224092
1729384555291697903
1729385504477614621
1729385319795537410
1156088222450177614
1156158587273325275
1729384469391018817
1729384452212583988
1156090039404647337
1156089609733614296
1729382373447273061
1156158552781399943
1729385998401153714
1729384976199095904
1729385513070099449
1729384538109929322
1156159802896416319
1156090301173013047
1729385508773333884
1729382364856900533
1729385397103500827
1156090387243604908
1156158569944992594
1729384800104615859
1729385405693945514
1729384460802603669
1156158570011421666
1729385521657574933
1156089609716291194
1729384486570391133
1729384503749804918
1156158591660494753
1156088205444247125
1729386002695598788
1729384679845313025
1729384800103766617
1156160919574398539
1729384624010493802
1156158582819250136
1156088218072802217
1156088226866343530
1729385504477739750
1729384804399482844
1729386165904756643
1729384800104301251
1729384533814900365
1156088188178337709
1729384456507170435
1729385397105770299
1729384447916605184
1156088205156267838
1729384744270412651
1729384971902546859
1729385517364514585
1156088222443691891
1729384800104509310
1156158587116144417
1156088196819305465
1729384503750917649
1156161769793353413
1729384447916080746
1729384624010213232
1156091405144633242
1729384465095081626
1156091353425936976
1156161696833581005
1156158561658039235
1156160919422078797
1729384469392614022
1156160919321002797
1156091344961364856
1156161769817094805
1729384624011730536
1156088218311423618
1156088205248803765
1156160657456752513
1156158561422464590
1729384624010332724
1729383593219463035
1156160751864897148
1729384022713973744
1729385508774655597
1729385315500679022
1156091404878799423
1729385856667193267
1156161718260688470
1729385418578979554
1156159974632232684
1729383863801455330
1729384555289855759
1729384624011053576
1729384469391402780
1156158552765791142
1729385517364574076
1156091405098874852
1729384542405297969
1729384714205272786
1729385513069229827
1729384800104964729
1156088222442871594
1156158582971695910
1729385534544376435
1729384465095528066
1729386114362881607
1729384967609176978
1729385530249516026
1729385513068470171
1729384460802539202
1156158582812040004
1729385100753285957
1729385397105462117
1156161022661152336
1156091405109013048
1729384714203630337
1729385397104875481
1156090301074749188
1729385517363790357
1729384800104685167
1156090657664653848
1729384022715267956
1156091405112884992
1729385547427144693
1729384563879674626
1156161769949514329
1156090305582900885
1729384477981255210
1156159974501214126
1156158565665975034
1156088188167833297
1156161696972097089
1156090387166679995
1729384722794787454
1156091353545418256
1729384727089722268
1156158583051558655
1156158552751401542
1729384748564942725
1156160665930621702
1729385560314759042
1156089438034488868
1156161718179412804
1729385100752472856
1156161696949186108
1156088222476806662
1729384503750218667
1156088145139522331
1729385478710280901
1156161718332171098
1156159802863115104
1729384624011239308
1156088188060546873
1729385504477585320
1729384486571786771
1156088222414330434
1156091404879503258
1156088218353861623
1729384022716061582
1156158557273176648
1156160403997993564
1156091405002364714
1156090301253842680
1156160403975517034
1729384538110284309
1156160751941498775
1729384538110437934
1729383623283202577
1156161022356675526
1156161718176117279
1729385912502200121
1156160404114992655
1729384447916756734
1156088188040940457
1156161769856346838
1729384546701739694
1156088201002298155
1729382364858701472
1156088205305335385
1156091404964262633
1156158570217012046
1729384654075971281
1729384555290582591
1156158587119899450
1156091344840782724
1156088218112714537
1156088222622727704
1729384654072868699
1156160665959145231
1156161696701287155
1156161709690340247
1729383618986911333
1729384568174327415
1156161769918652090
1729384542405647349
1156158587333802815
1156161769881379660
1156089438009042613
1156158561554354157
1729384817282629137
1156161696784787041
1729384572470099847
1156088145302233076
1156090657636459474
1156158561364520776
1729382364857344791
1156088218288886750
1156158561498780178
1729384744270276487
1729384538111808495
1729384486572529500
1156090657728590661
1156159802582674277
1156158565691770819
1729384555290864322
1156161709679216239
1156088192451629848
1156091164496910000
1729384022714295283
1156161022473131821
1729385534543477515
1729384452211066466
1156088188225402645
1156158587350082430
1729384795810089511
1156158587259512778
1156088218207840787
1156088218246855305
1729385513069050512
1156158557040636762
1729384503752593230
1729384542404742830
1156088222406698542
1156091405036848937
1156158561567583000
1156161718454751853
1156090554700959675
1729385513068841619
1156091344824209094
1156160404167835285
1156161696735247296
1156091404909638476
1729385998401510935
1156088188097780594
1729385521659382455
1156161718138821299
1156161718208172961
1729384800102995624
1729385586081761175
1729385504477244106
1156161718366923677
1156091332057581413
1156088205455689638
1729385513068287831
1729383850916024127
1156158570073931675
1729384800105603878
1729384735680102238
1156160751930897131
1729385478709218018
1156158582945096432
1729385504478499550
1729385998399166443
1156161769906783181
1729385916795489163
1729384538112338807
1156158557210773365
1729384022713802404
1729384022714251891
1729385856667105029
1729385826601223946
1729385397105020613
1729385534543139572
1156161718402590637
1156158587111860881
1729384555289926449
1729382364856459038
1156161718467478128
1729382742815278726
581811065725437637
1156161718274868182
1156090554809495445
1729385478708235185
1729384563880042129
1729386341998213967
1729385405694899957
1729382695569436256
1156161696967502505
1729385749290900460
1729384967608507964
1156088188155122674
1729384022714313698
1729382364856982378
1156158552871238325
1729383765016028110
1156160657567492842
1156161696663309115
1729384714202945503
1729383777900964484
1729384469391203934
1156159974410069830
1156161718316235438
1729382364856998482
1729385586082946902
1729386006989838013
1156161769725720322
1729385998401269720
1729385534543231799
1729385100752012872
1729385336973773611
1156088222595899378
1156090657744163619
1729385766471274348
1729384666960628546
1729384624008902265
1156088205428093463
1156091405064876679
1156158587270609470
1729385513069877074
1729382364856621721
1729384447917238908
1156088218212772660
1156160919516952523
1156161696793138849
1156088188055613019
1156088187976545191
1729385418578541449
1156158583074747192
1729384555291204143
1156090301147428749
1156091353574842293
1729384795807988454
1156161709630639020
1729385521659549344
1729384619714384795
1729385998399258371
1729385513068792326
1729384022714040057
1156091332135455416
1729385513069386339
1729385409989412541
1156088218135816795
1156161769762266833
1729385126522479478
1729385560312930108
1156088188197672697
1729385534543201059
1156161022370757519
1729384460802882430
1729384795807450978
1729385478708413032
1156159974671044457
1156090387194961745
1729385508773256734
1729384731384678108
1729385762177044005
1156090554545478485
1156161709676484436
1729385495887894047
1729384469390549734
1156090554725852018
1156158587338671846
1156158565820874441
1156090657829478067
1156161709580358403
1156161696918339383
1729385521657747067
1156090301300193197
1156159974528540635
1729385521657433666
1156161769878266676
1729385534542168769
1156161718375096852
1729384538109523808
1729385513067713518
1156159802769235577
1156161769984945058
1156161718143702858
1729385478709991002
1729384022714583789
1729382364856080955
1156090387294065344
1729384022714498562
1729384795807991497
1156161718425672483
1156088218243719085
1156161769999583053
1729385405694971710
1156090554569919485
1729384538109898624
1156158557038107447
1729385517362771728
1156158565643239964
1729385126522093152
1156088226734098405
1156090657739020046
1156088188121874214
1156088205272376163
1729382364857253650
1729382364858599370
1156158557054165719
1729386002696098631
1729385998398771112
1729385126521568070
1156091345046005659
1156158582939689604
1729384795809523467
1156160751969818286
1729384795808091891
1156160665970190279
1156088222489487113
1156091353640772199
1156160919280266236
1156089437954981723
1156161709585784629
1729385397103729427
1156158587112316577
1729385392809153357
1729383588924240423
1729383623283333112
1729385856666685338
1156159974569715500
1156090554745159231
1729385513068626874
1156158587168400217
1729385530248192935
1729384624010650522
1156088222620324485
1729385397105519313
1729384108614806396
1156090039258318534
1729385521658139635
1729384031306057699
1729386002695109591
1729384624009409328
1156158557304987371
1729384735681007402
1729385762177470201
1729384744270027706
1156158587369593362
1729385912499638995
1729385916796984224
1156161718286276334
1729385405695264760
1729382364857199247
1729385105048266484
1729385495888369249
1729384744270313459
581811065627922944
1729385504480094816
1156088196532561918
1729385504478210666
1156088222571108951
1729385384221074411
1156088222455737129
1729384731384827754
1729384503750181796
1156090301186855712
1729384473687721604
1156090657816587793
1156158587286858590
1729385521657756283
1729384795808058894
1156158582863282097
1729384744270896017
1729382364859157342
1156088188222181210
1156088222452943596
1156158582946668233
1156161718265726576
1729385478709492372
1729383614691555090
1729384460802891491
1729385397104503353
1729384800104302253
1729385912500682713
1156161718383375170
1729384795808235388
1156091353674724324
1156088222608947156
1156158553035298533
1156088205414152050
1729382364856680127
1729385530247942122
1156161709695693761
1156161718440580657
1156091353424322545
1729384460802993147
1729384482275265091
1156161709606774766
1156088222438757243
1156158561515812842
1729384563881672309
1156158582893911990
1729383850914891539
1729382364856983394
1156088145137484395
1729385478709194650
1729384460800309955
1156160403947790015
1729384555285957124
1156158587196423970
1156091405035575939
1156158583137933873
1729385916794682155
1156159802760719241
1729384800105554677
1729384452210940903
1156088205467853652
1156088192443648983
1729384632601619162
1729384473687254536
1156088201049022311
1729384800104127033
1729384709908543228
1156158570057994002
1729385397104849858
1729384022716438388
1729385397103655780
1729384469390496646
1729384735680493225
1729385397104313270
1729385594674392788
1156088222448503712
1729384447916338927
1729382364857232037
1156090554809246473
1156159802583084670
1729384744269487676
1729384022713727963
1156158552884014695
1729384555290556943
1156161529163002426
1156159824134562332
1729384473687869317
1729384731385068166
1156090657829726741
1729385126521009720
1156091344626851400
1729384795808395920
1156090039226894238
1729384022713579121
1156159974696556079
1729384022713543404
1729384460800993964
1156088201010480840
1729385105047491379
1156091344958361560
1156090657640264421
1156158570166710257
1729384538109563433
1729384469390719641
1729385521659738946
1156158587345863237
1156160752009564146
1729385495888522134
1156088201056104020
1729384744270761882
1729384735680327481
1156161022628480532
1729385517362084412
1729384731384569645
1729384555290741551
1156091404991668887
1729385654802282295
1156091404981308400
1156161718140077729
1729384022713806828
1156160919476297236
1729384808693180328
1156088222590169975
1729384555291271007
1156161769829625606
1729384800105186255
1156091405140290468
1729385397103419961
1729385401400852111
1729384022714328847
1729383597513745221
1729385384220852121
1156160752008415895
1729384538110285711
1729382373447197365
1156088196793384813
1729384976198278079
1729384624009884581
1729385534544588330
1729385397105066911
1729384967609338555
1156161769751399990
1156158510042262383
1156090301347180262
1729383850915868513
1729384808695548711
1729385332680391419
1156161769802514963
1156158552988821350
1729384714205867731
1729384022713803582
1729385856667243489
1156088218166179435
1729384022713748342
1729385100752304118
1729386002693998179
1156091353443628689
1156161769949267718
1156158561535688400
1156158587210219286
1156090387121047261
1729384538112022033
1729384731383189133
1729384035599852451
1729384744269558607
1156160756376596409
1729384022715334529
1729384546700579770
1729384447915835326
1729385397103997903
1156090657723751164
1156158570173042219
1729385560314636193
1729384477981674356
1156161769742241596
1156161718298101689
1729385478708542171
1156161718451349398
1729385912499632921
1729382364856623795
1156160665871485703
1729384572472299139
1156091405042545256
1156160665900669791
1729384447915972543
1729385513069408194
1729385826599743100
1729382364855692849
1729385478710273984
1729384976196738996
1729385998400153198
1729384709911282659
1156158570032164739
1156161696992580308
1729384971901281140
1156158509947256646
1156090821097219779
1156091353469952681
1156089438068446797
1156088222633187081
1156158569950010228
1729384546702212085
1156090657871545290
1729383850915907128
1156161696847782510
1156160919524142787
1156161022383498119
1729384469391868553
1156091332183783253
1729385483004088934
1156161181535144792
1156161022496044863
1156088145114846011
1729384984789041745
1156090387229597405
1729384503752589119
1729384971903912926
1729385521657249377
1729384465095768591
1729385336973608837
1156161022504579738
1156090039359189636
1729384817284895509
1729385495888359975
1729383850915660669
1156089609720647536
1729384624011150970
1729385311204042588
1156091353534800870
1729385397103860456
1156158582878265928
1729384022715705186
1156088222420815541
1729385521659947705
1729384469389805291
1729384555291600796
1156088145193679507
1729384022713570140
1729384452210677430
1729385800830842651
1729385534544761470
1156158570228913668
1729383601808441995
1156159974611797841
1156160695941118636
1729385521659367016
1729384538112370504
1156088222524631011
1729384744269389594
1729384108613785420
1156159802638711634
1729384486571360863
1729384739974828952
1729384735680733973
581811065534191591
1729384800104059643
1156088200753138472
1156088201061114566
1729385534543034056
1729385654801569437
1156158561444247483
1729384555292211800
1156090301339577298
1729385946861010829
1156158570107822655
1156089437862025081
1729384482277703583
1729384976197059427
1156090554585276314
1156158561604931321
1156158583115445801
1156091405188972398
1729384744269143942
1729384469390656157
1729384795807704807
1729385397105676851
1729385556018662937
1156158552794360398
1729385500185245421
1156158582878563067
1156158509937945580
1729384971901610509
1729383623283496496
1156088196774204969
1156158583117910739
1729385517363386031
1156161709777919840
1729384722792636373
1156158587391817519
1729384469390785255
1156088218159595244
1156159802776635338
1729384800105055173
1729385650507713287
1156161718289854080
1729385762178278215
1729385487297725175
1156088222557596466
1156091353453392556
1156090657715140349
1729384482276863973
1729384460802705944
1729386256097743670
1729385508772770522
1729385495888494275
1729384503752766177
1729385762176858707
1156161718159969146
1729383618989018934
1156091353493676639
1156160919319885735
1156088226883283862
1729385397104271042
1729384022715735604
1156089437923372951
1729385521658099243
1729382364858325689
1729384486570988319
1156158570007259653
1156088222579921827
1156088222510444339
1729385478710459906
1729384460801636976
1729384469391205155
1156160919562048452
1156160919521702550
1729385517362178938
1729385534543110141
1156158510032611241
1729385586081974786
1729384469391256252
1156158587105319467
1156160751803122369
1156159802781270938
1156160403896980370
1729382364858168059
1156090039374130943
1156161770001382277
1156088145300210359
1729384469390681007
1729383593218978667
1729384572471145305
1729384800104760084
1729385478708750101
1156088188034809633
1729382364857189246
1156091405154439770
1156158587361083160
1156159802719147609
1729385547427226465
1156161769989458768
1729384808692502227
1156091332001015731
1729384486572678039
1729382364857058188
1729384795808359194
1156161709595073233
1729384624010702845
1156091344865069702
1156088201133643409
1729384705616218673
1729385483004945104
1156161769925618656
1156158582826275329
1156160919328134733
1156161769719278268
1729384456506167094
1156158591434571351
1156158583127601696
1729385762176574283
1156091404995126248
1729386165904372687
1156158557045731162
1729386341996255133
1729383850915642361
1156161769821604379
1156091344968438508
1156091353473944328
1729385534543275987
1156088205346940475
1729384744268996135
1729384817284332332
1156161718200930104
1156090301153144471
1156158552759858072
1729383777901450801
1729384563880191756
1156091405140107162
1156158587132769870
1729384460803007177
1156158553001186874
1156158582902151856
1156088188083251872
1156160666114604563
1729384800104345425
1729385405695134498
1156161769773181727
1156090387228482421
1729383850917463784
1156088218313156416
1729385521658488457
1729385397106119349
1156158587105220294
1156088201068837745
1156090657780385497
1156158552971255739
1156160404133016420
1729384460801957453
1156158552861000463
1729385504478320315
1156159974703224484
1156088205217970118
1156161769960826380
1156161718182650875
1156159974486337117
1156158587422324674
1156091353475835887
1156090039184771609
1729385397105938322
1729385826601814714
1156089437984454607
1729384460802885607
1156159974610455201
1156090039378717386
1729384568174712325
1156092010592138153
1729385397105224471
1156160404054948369
1729385762177902514
1729384473685909503
1156160666082319097
1729385311206302473
1729384452212466406
1156158561367314158
1156088205432431608
1729385513068854898
1729382364856515357
1156161022611119860
1729385478709766053
1156091405159217814
1156161769847917505
1156158587428568759
1156091405160144726
1156090387198373547
1729384624009426753
1156091353518543425
1729384108615485018
1156161709664643998
1729385513069907765
1729386028463727509
1156158552896016198
1729384744268736018
1729382364856634943
1729384555291207216
1156091405101354523
1729384022716027441
1729384022714051340
1729384538111813471
1729384022714703787
1729384465095450229
1729386006989347547
1729384795807933071
1729384735678392185
1729385483004207053
1729385483002885673
1729385998400657282
1156160665899671093
1156161769744953265
1156091405117386483
1729383777901990545
1729384800104071792
1729384469390614399
1156159974580592252
1156091345000121144
1729382364858814091
1729384572470721473
1729385830894729890
1729385534543510430
1156159802823496320
1729385105046827536
1729385478710469285
1156088205467988966
1156158583052746352
1729384447917699875
1729384731384471370
1729385534544289393
1156161718440484400
1729385397103828924
1156091344965655426
1729385311206653512
1729384800102624856
1729384108615727045
1729384967609275365
1156161709704783768
1156161769711372076
1729385126522786731
1729384022714699697
1156158565950756495
1156161718455429965
1729384714206203778
1729384817284312997
1156161718332198597
1156160919310295971
1156158509945332244
1156088222580088809
1156090657682762550
1729384486571868064
1156091332179468930
1729384722793282338
1156090039334264778
1156089437998194554
1156160919548328750
1156091332037406276
1156161718153268108
1156090039241087568
1729385427169894179
1729382356268827387
1729384731384548997
1156160403957626864
1156088188212378469
1156088205365104460
1729385100750857092
1156160752032659430
1156160751998687034
1156090387151473566
1729383795080296960
1156158587380769528
1156089609828697862
1729385478707807999
1156091344978622026
1729384589651211149
1156088218145041214
1729384727089290958
1729385534543315744
1156159974404190985
1729385405693425268
1729385397105136132
1729384503750937551
1729383850916424250
1729384572472105944
1729384800105301507
1729384624009409148
1156158561422501441
1156090301238096393
1156158561610045117
1156090039208326950
1729384795809209247
1729384722794382857
1729384447916353403
1156161718294362675
1729385491592861275
1156161022416113292
1156160404016305076
1156161769673747081
1729384460802410108
1729385397103838999
1156088196684878758
1729385654803859106
1729385521659949765
1729385495890454357
1729385676277068675
1729385397104519997
1156091331659470549
1156159974427703055
1156158570039382536
1156158583041367633
1729384735680034703
1156160751768875611
1729384795810688897
1156088201153055445
1156161718265326485
1729385521657280185
1729384800103336717
1729386191673616977
1156091353528056435
1729385504478265071
1156161718254883724
1156161769906372586
1729384735680433770
1729383850915347017
1729384460800728701
1156090554674867770
1729384473686306553
1156158582955012862
1729382364857010916
1729384108613337634
1156161696668933909
1156158587269444187
1156158582952971049
1729385478710188565
1156159802904137320
1729384503749578607
1156158552820280184
1156161709695615507
1729384486572105531
1729384817285294597
1156088145079418644
1729384447917509552
1729384800103674605
1156158561470785152
1729385397104333392
1729386002694275685
1156161769677529690
1729384563881517935
1729384486571157240
1729384555290984973
1156090387142928002
1156161022607446654
1156158552987744790
1729384460802052057
1729384477979895315
1729385921091169967
1156091353477541829
1729384722793765590
1729382364857312145
1156090387212458868
1729382364858924672
1156088188224438106
1156088222439179932
1156089609783300718
1729385401399086921
1729384568175841023
1729384503752449565
1729384022715908817
1156160919438122913
1156158587410046689
1729384546701661796
1729383777902576395
1156161718440864324
1729384572469295077
1729384795807426194
1156158583118518951
1729385762175269864
1156161769703025425
1156161769771829884
1156088192563908168
581811065732450038
1156089609695451097
1156091344847859581
1729385521659620205
1729385478708097536
1729385667686871845
1729384654074678911
1729384486572259080
1729383597511855683
1729384817285198646
1729384452210336624
1729382364856679313
1156158587215444961
1729384447915718389
1729384628306337515
1156161718286639853
1729384538111718294
1729384022713535364
1156161769852969495
1729384722795038637
1729384022716453657
1156161769887259287
1156090554774492735
1156161696665975687
1729384469390979626
1156161009638268775
1156161709739570850
1156158552895389269
1156088201172255710
1156090387139947217
1729383850917687967
1156160666187776542
1729383850916412179
1156160919298883141
1729384465096066008
1729384795810182141
1729386165903410134
1729385568903895591
1729385513070270341
1156088218330976182
1729385809420266125
