order_id
1156088218093321181
1729384108613612126
1156088205435143897
1156158552910581585
1729384795807765116
1729384795807706052
1156159974387149457
1729384460802970581
1729385409988311731
1729385839484879869
1156088188188724836
1156091344999119554
1729384469392624207
1156091353582995248
1156161769717883475
1729384808695465515
1729384800103653926
1729384795807956654
1729385517363934835
1156088205328730082
1729385495887754202
1729382364859084554
1729384795810422324
1729385534543458048
1729385105047498495
1729385513070100470
1729384538110640745
1156161696967386040
1729384795808740121
1156161769927581617
1156161769861627893
1729385397103817689
1156090657787609911
1156089438034380444
1156160404110049169
1156091405078423279
1156159802755786392
1729385513067588273
1156091405160090217
1156161709799211726
1729384555291347479
1729385547427860257
1729385568904492847
1729385517362331314
1156091353452592109
1156158561426202483
1156088196685786883
1156088192407970601
1729385521659027185
1156158583025870742
1729384486571389808
1156158553010929419
1156161022468748013
1729385938269986309
1729385556017376968
1156091353638756947
1156090039347549069
1156091405089937099
1156088218107949908
1729385401399753301
1156161709833826294
1156161022536203187
1729385556019060421
1156158552799963764
1729385126522867357
1729384976197663498
1729385921089819229
1156158570187929386
1156161718411840015
1156159802699677459
1156158591404046959
1156089897636183707
1156091353567693758
1156158561469472482
1156158587138083521
1156161022371026668
1156158583087334349
1729386165903010689
1156160666015362851
1156158552856899517
1156161769960219236
1729385998401125095
1729385397103690643
1156091331947743226
1729385912501833287
1729385513068049245
1729383885275363237
1729384812988946087
1729384572470239940
1156088188083439458
1729385521657806795
1156158582933005005
1156158565868488640
1156158587377308314
1156088205311931276
1729384727089620505
1156159802858162763
1156088608921735800
1156161022559626121
1156091345044308523
1156088218329342763
1156160404061356007
1156091353453680559
1729385513068529429
1729384022713688898
1729383777903332938
1156088222389794794
1729385521659667018
1729384460801559082
1729384722793733892
1729384022716563177
1729384628306426549
1156091404994347713
1729385397104531342
581811065676257178
1156159802721810184
1729385530249105161
1729385508774692440
1729384812988235543
1729385401398475471
1729384473686194808
1156090039341951990
1156090387205714468
1729384572469686020
1156158587134780390
1156088188082461584
1729386204556855224
1156160919531653735
1156158565677191994
1729384482275319371
1156088226932328968
1729384830170089089
1156089438030439980
1156158552869295939
1156091332048668258
1729385998399520319
1156090387229707918
1729384022715844135
1729382695569561128
1156161769669375979
1156158553001356151
1729384795810006744
1156088205384232517
1156158587324441159
1729384624009072192
1729385397103499052
1156161022440967103
1729384538110515968
1729384705615729589
1156088218155589557
1729384520930691758
1156088145129145049
1729386011284027149
1156158552962508642
1156159802869824222
1156091332159738780
1729384808693189562
1156159802617537226
1729385654802107293
1156161696672569877
1729383614694284039
1156158509932195764
1729382343383753473
1156088222593074154
1729384800104456148
1156088205387094983
1156088145141841637
1156158553030931049
1156090554593397465
1156160404114886383
1156090657808637470
1156158552932996642
1729384731385057244
1156158570210357041
1156090039394514698
1156158905078756170
1729385856665844496
1156161185684012885
1156158561338335052
1729384555290971847
1729384800104150788
1156160665938502380
1156088188254229017
1729384533815613377
1156089609732483770
1729384800103893741
1729385521657340455
1156158587143709342
1156088145295733509
1729385478708974494
1729383863801407338
1156158552915379788
1156091353525317523
1729385577492682722
1156091332126797769
1156161769979428646
1156089609796193078
1156161769943364256
1156160751932247743
1156090301198527305
1729385487297730120
1156158552768330732
1156158587351731033
1156091331990855412
1729383597511871113
1729386174492115473
1729384022716313141
1729384808694630971
1729385835191994044
1156088188127229442
1156088222455690763
1156091405135852182
1156088196657719905
1729383777901075241
1729385397103765111
1156160404203778744
1156161022539802498
1729384486570196614
1729384714205887285
1729385332679180962
1729385500183699259
1156088145172579988
1729385556017195837
1729384795810554680
1729385324091576844
1729384460803146737
1156091344912995192
1729385534542115505
1729384795810610908
1729385912499991204
1729385105045936656
1156088218277364719
1156088222380999267
1156161769952455658
1156160666033669006
1156158582847468380
1729385556018006675
1156090301152417768
1729384460803087184
1729382364856071698
1729384714205582217
1156091405034207182
1156088188056627158
1729384722796113539
1729384748563451557
1729385397103484677
1156161718365281211
1156158582944936457
1729384800103112461
1156161769683168182
1156161177087737385
1156088196703073161
1729384447915948891
1729384022716365319
1729383627578829402
1156161022414816020
1156159802662906601
1156161718417510167
1729384452210600777
1156159802899370671
1729384808692986668
1156091405117416437
1156161769926353430
1729385504478023648
1156091344900312576
1156161022570512135
1729384460802263953
1729384538112072671
1729386071413822385
1729382364858363595
1156158561595294364
1729383627576697607
1729384022714782626
1729384795808798399
1156158587259014685
1156088192465794813
1729385105048149590
1729385912499106363
1729385513069365233
1156161769729315394
1729385513069505250
1156159802797979521
1156090554704520927
1156161718291075726
1729384550995071781
1156161022627668489
1729384465098058734
1156088222602800990
1156091331967141570
1729385654802885260
1156158561641723849
1729382364858739211
1156090554807593716
1729384800105285426
1729383696299020244
1156161769891377782
1156091405118380714
1729383623281472362
1729384477982232175
1729384486571892393
1729384624009361249
1729384022713817921
1156161718422134551
1156158552907527983
1156158569972396985
1156158587436477365
1156161718300357577
1156161718381056693
581811065633252909
1156090400050912107
1156161769781363655
1729384800104399574
1729384735680442339
1729384731384616514
1729385517363227413
1729384800103531306
1729384808694905635
1156088205347651246
1729384735680115609
1156160404187731570
1156159974485693993
1729383769313466158
1156088218108297148
1156161022634819296
1156088218096159574
1156090039186633490
1729384022715472502
1729384460801096512
1729383597514517288
1156088196777052145
1729383850916346468
1729385315500093049
1156088188086434698
1729385547429308215
1729383949700926393
1729384031306335068
1729385521657676763
1156088222573246360
1156088222452858522
1729385998399305233
1156160666181149438
1156160666158325460
1729385461530163879
1729386011284016883
1156161718241629990
1156159974669165403
1729382729929153395
1729383846621723206
1729382364857224031
1729385495887477291
1729384022715936281
1729384722795625071
1729382364858772378
1156091344896735938
1156160919490541278
1156158570072848286
1729385397104621383
1729384465095748229
1729384456505924518
1156161022610537206
1729384022713927352
1156088196682900104
1156091405157203531
1729384520930836107
1729385534545013306
1729384808694134539
1156158565681540828
1729383601808450261
1729384447918176169
1729384460801692216
1729385397104748480
1729384538110829151
1156091405097507511
1729385534544814605
1156158565651759958
1729385916795357004
1729384469392928740
1156091344822087380
1156158557210958564
1729384800104378333
1729385513067844096
1729385397103845355
1156159974468287439
1156091344976592891
1156161718250820197
1156158565870179906
1156158557280781011
1156161769816334980
1156090301208333847
1156158557166544446
1729385397105328753
1156091405133600529
1156160919385469667
1729384460803336909
1156088145254728429
1729385397105840727
1156158587218362223
1156158565722274621
1156161769689563022
1156090554641904443
1156088188104589000
1156159974415638047
1729384800105359912
1729383777901869589
1729384800102905483
1729383769311706644
1156091353638646665
1729384572472325927
1156158587389558727
1729384722793861045
1729385397105910765
1156160404150359027
1729384800102565655
1156090387130560024
1729384473685142275
1729384555291339387
1156158552749732595
1156091332033644088
1156088218161718805
1729384108614199844
1156158909487963790
1729385401399444147
1156158569994594202
1156161696770138048
1729384031305338616
1729385530247110266
1156088222427567768
1156161022489587274
1729384800105480741
1729385856665836510
1156158587340117808
1156160919373459206
1156158565891528425
1729383872392758809
1156158570003055363
1156091405155957251
1729385912499706500
1729384735679142884
1729385594674480792
1156158561592821296
1729386191674709761
1729385092161545069
1156090554735768513
1156091405155863393
1729384555289797145
1729384808693861316
1729385324091695942
1156088205275143977
1156161696824223728
1729385315501030972
1729385547429902008
1729384800104178525
1729385504478765605
1729385418579371891
1729384460800871003
1729384469393210293
1729385401400908753
1729385521659111090
1156162066173566473
1729385319795139263
1729384800102554304
1156090657884126139
1729384555289801589
1729386191672769471
1729384108613139435
1729385534543943516
1729383765018113610
1156158552747830915
1156161709677454141
1156088222608851640
1729384722794684156
1729384971901764403
1156158552924097078
1156158587391350744
1156158552834470768
1729382364858672055
1729385508772638306
1729384460800619283
1729384022716121815
1729385504477657937
1729385530249818964
1156158552899498517
1156160752022937297
1156091405102679637
1156088218213900949
1729384812987660203
1729383610398378757
1729383614692774542
1729384460801400811
1156088145253295852
1729385483003455181
1156161769995393969
1156091404930286140
1729383850916332276
1729384727089041032
1156161769929664055
1729383850915083902
1729384460800291656
1156158557066085326
1156090301319897733
1729385916794077754
1729385912500628424
1729383618988064587
1156088201152526167
1156088188049814398
1156091344832368231
1156091344907915806
1729384624010455036
1156160751819398825
1156158587306021506
1729384460802533238
1156160404102352877
1156090936897291123
1729384503752897360
1729384722794729984
1156160404123741700
1156161709874148976
1156091353667848742
1729384022715397110
1729384624010827575
1156160751998835338
1156158565669288644
1729385998401265580
1156161769888387720
1156091405144621841
1729382364857130714
1729384967609478964
1156090387142695779
1729385517363834771
1156091353474116393
1156088205117914787
1729384555289834155
1729384624009922158
1729384967607750533
1156158591714159457
1729385654801077159
1729384486572817959
1156160403916903313
1729385397105995580
1156161022594928273
1729385521659320316
1729384619714602578
1156161718213136258
1729386191672448638
1729384520932457437
1729384795808594841
1156161769678460562
1156158565868415585
1729384538110678652
1729385336973054586
1156161769682361873
1156158570031009666
1729385667687374436
1156158909546366788
1729385547427851979
1156158509828122213
1156158582882668449
1729384731385161520
1729383601808100163
1729384800103678969
1156160404108602104
1729385998400507466
1729385534544903731
1729385504479526751
1729384473686263352
1156158587390674837
1156159802595954377
1156161022672085888
1156090301093404501
1729384477981633127
1729383850917152500
1729385938269815700
1729384795809520493
1156161696859960950
1729383850915424187
1156159974556311304
1156091404980381282
1729384555291570060
1729384718499103543
1156161718179599186
1729384108614345323
1729385856664949594
1156161696683794966
1729384503750702696
1156088196801006542
1729384727088521851
1156091344975296313
1156090301328139043
1729384817282693970
1729386024171153150
1729384022715875974
1156089609856291720
1156088218112719806
1729385504478744285
1156088188204694129
1729385556019657484
1729384744270562015
1156161718251380660
1156158582929978979
1729384022713685679
1729386011286509105
1729383601807184526
1729384473687869234
1156161769817376559
1156090301150255649
1156091405078676077
1729386011285329582
1729384460800752453
1156090657719185355
1156161022607226372
1156090387214443105
1156091344996934574
1156161718389636620
1156161769957651016
1156159974454615797
1729385521659421451
1156159802582895264
1729386114365003461
1156158587428792115
1729385998399835739
1729385762175634203
1729384022713629332
1729385998399956854
1156158552760336332
1156161718452208306
1156161022557070910
1156158552752870082
1156091405005193978
1729383614694062009
1156158561366014744
1729384503751470980
1156090039283259912
1729385521657659975
1156161709568922187
1156158583094361900
1729384795810352981
1156158582892504723
1156091344971511798
1729385397105946136
1729384731385742254
1156090657798558717
1729385504478143457
1156161022624752622
1729383777900751558
1156091405011155601
1729385534543768098
1156158587181256616
1156161769954011962
1156161709843940951
1729385517364152924
1156161022640084911
1156161769805918141
1729385998399094529
1729385478709128764
1729384589651883684
1729384808693546497
1156159974559178500
1156091345071024102
1156091332108869487
1729383850914842599
1156159802856287799
1156088218209871625
1729383850917872482
1729382695569286680
1156158552939779665
1156088192480298652
1156158587245120261
1156160403981864554
1156089437923809232
1729384555290278615
1729384800103774188
1729383614692703911
1156158552744515285
1156161022376514490
1156088222646220301
1156090550358093776
1729384460802089652
1156158552890870336
1729384795810804553
1156088222567326361
1729383610397280229
1156091405177830227
1156160666029943391
1729382364857125546
1156091353494431516
1729385521657276153
1729383850917444286
1729384967608374078
1156159974466552623
1729384795808205617
1156159802743023609
1729383850916280832
1156158587253054096
1729385478707438202
1729384744268925636
1729384538112344620
1729384718499953549
1729384469392922222
1729384022715497237
1156158561425165847
1729384022713707482
1729385925387033544
1729385534544752486
1156088188253640402
1156088188124076923
1729384555290927834
1156161022454579887
1729384555290404594
1156088188211303968
1729385998400892873
1156088196696797729
1156160404188931706
1729384473685809110
1729383760720409170
1156088145175978609
1156160666164630327
1729385517364262906
1729385495888378459
1729384452212755391
1729383777900400391
1729385324088841152
1729384795808602819
1156088205338052148
1729384538110909258
1729384967607955384
1729384800104853205
1156088145261931332
1156158582828587000
1729385367038398005
1729384971902963685
1729385092163286845
1156158587370825620
1729384800102468470
1156161022612167351
1156089437951791085
1156161718216069022
1156158565946196982
1729384469393039922
1156088188108547813
1156161022445963781
1729384469390268064
1729384538112011018
1156091332172330922
1156090657778259653
1729384744270260988
1729384800103417689
1729384473687129901
1729384460801528789
1729384795807673310
1156088222474131390
1156090554603200422
1156160404031799178
1729384800104319751
1156088226769165954
1729385495888151099
1156160665936342811
1156089609777009527
1729384705615987224
1156088205427338865
1729384808695497303
1729385504477371959
1729384460801051522
1729384722795805469
1156158565660160787
1156161696940165707
1156161769744412189
1156158552814535650
1729384624010038195
1156091344917048214
1156161769691715394
1156090301161536381
1729384469392205370
1729385680573989864
1729385568904550184
1156158591398982306
1156158557347486321
1156090301340143276
1729384808694868812
1729385805126223664
1156158582840513276
1729383850917136126
1156161022637159299
1729384714205143853
1729384735679471581
1156161709550903199
1729384469391965098
1729385826600351581
1729385568904138743
1729384563881941954
1156090657859324442
1156161718155689779
1729385504479371996
1729385530247321334
1729384800103550819
1156088222549383096
1729384546701106784
1156160348218464984
1156091405008703265
1729384795810252560
1729384108614689325
1729385397105500129
1729384555290649089
1729383597513441096
1156158583072078558
1729385534542283466
1156158583097696930
1729384460800476041
1156091332029032145
1156158587185956804
1729384800105525783
1729385680571718175
1729384555290344012
1729385397104658320
1156090554619422458
1729384808692935365
1729385478710291308
1729384800103746209
1156088222443776721
1729384722792854071
1729385568904376153
1156161718150239808
1729384533817031430
1156158587341680431
1156090039159926674
1729384967609282496
1729384465097794318
1729384447917617076
1729383777902365243
1156161718251292421
1156158582954544827
1729384555289692957
1729384817284376119
1729385530247332497
1729385534543312385
1156090301243097747
1729384714205978422
1729384817282825011
1156158561610003097
1156158561629865688
1156161769781312163
1156159802640883533
1729385671981912040
1729384447916395249
1729384460801693612
1729384555290002192
1729384744270672482
1729385912501910155
1156088226727753621
1156090949834289987
1156088222531109513
1156158570240770675
1729384473686772342
1156088201060700055
1156090387059482555
1729384460801111911
1156088188113874618
1156161769894942703
1156160404179305440
1729385461528082072
1729385397105418185
1729384800102997601
1729384477982360221
1156159974449279765
1156159974628685541
1729384538111265699
1156161769819251327
1156090657876369394
1729384022714309610
1729383795080986122
1729385534544749340
1729385504479395704
1156089609844096580
1729384800103948167
1156159974528588587
1156091332112651891
1729384460802246565
1729383945404503837
1729384533816021944
1156161718200755950
1156159802644879980
1156090039174346271
1156089438123664264
1156088188207779589
1156158561363208113
1156158561396829899
1156090554792454079
1156089609757148059
1156088196679416688
1729384632601677510
1729382364856331155
1729385835190095379
1156161769721195306
1729384486572853934
1156091405095526936
1156090301224891965
1729384022713778702
1156088205315859383
1156160666131176254
1729384795810731548
1729384795808437060
1729384503752367036
1156160751834752763
1729385478708048788
1156161696685073282
1156158561338879980
1156091332099574398
1729384731384794998
1729382712750052287
1729384460801646542
1156088218276078424
1729384473686550060
1729385547428256545
1156161709759470104
1729385856666825489
1729384447917208509
1729385568903160774
1729384460800226229
1156088222578316029
1156159974567155342
1729384108614224623
1729384800102679197
1729384022713707147
1156091405016833642
1729382364856087338
1156088218209996402
1729384469392942803
1729384722794738615
1156160665899339706
1729384795809044094
1729384473686563483
1729384731385355205
1156088222580352599
1156158552918818736
1729385397105941334
1729385762176161613
1156161718197361445
1729384808694904700
1156161696671421133
1156090657883371336
1156161709755343814
1729382364857335761
1729384568174763639
1729384469391933249
1729385405693844189
1156161696712186641
1729383786492407546
1729384731383577260
1729385676278191765
1729385560314674926
1729385998399741533
1729384735680269006
1729384555291621110
1729384709908721656
1156158561577312216
1729384460801797710
1729384460801421203
1156090657789103839
1729385397105777310
1729385530248919564
1156088192507043553
1729385504477559678
1156090657776318006
1729384808693432089
1156088200985956184
1729385397104193312
1729384108615749137
1156159974560031522
1729385856666787526
1729383597513042832
1156091353674566518
1729384022714050474
1729384731384989340
1729383601809507275
1729384800105094913
1729385513068045018
1156161022589284953
1729385568902434512
1156088218294999806
1729384624010751634
1156161718402419263
1156088205288130153
1156158591600957150
1729384469390770148
1156160403893258776
1729385654802017055
1729384555291630198
1156090554792113036
1729384460802888539
1729385513068956537
1729385998399645199
1729384624009893749
1729384452211780395
1729385530247298926
1156088196856104692
1156088205261664240
1156159974645448340
1729384967606879744
1729385912500118059
1156088192575377073
1156161769987792600
1156091405142387635
1729384555290409548
1156090387233542109
1156158569926228973
1156159802691840790
1729386028466279022
1729385418579761107
1729384967607572426
1156091332127291360
1156160404153184951
1156158553015000931
1156162014758893192
1156158583114259045
1156161709671263159
1156161769984159572
1156161022557402682
1729385504478652227
1729384460801081209
1156158591730170404
1156158587351893812
1156088145333187192
1729384744270394887
1156161696808587047
1156158570175433328
1729384795808102100
1156091345066728400
1156089437878491944
1156161769943588457
581811065245071349
1156088145278287572
1156158552739630889
1729385568902252405
1156160403881870919
1156091405119324077
1729384022716216052
1729385521657942649
1156161709740073878
1729384022714979094
1729386006991068865
1729384555292014328
1156158591498399268
1156161769670255226
1729384546700027573
1156090657724014570
1729384800103577375
1156091353451210279
1729384108615826198
1156091345051071390
1729385397105131394
1729384795807947412
1156161718189007466
1156088196683373111
1156090301179593545
1729384022715331167
1156090657690299205
1156158569964321688
1156158583097667428
1156159802867357593
1156161718329586375
1729384538111866753
1729385521657859929
1729385766470863426
1156158582960562864
1729385766471540689
1729384469392827920
1729385315499251433
1729383885276001843
1156158582955454025
1729385105047338882
1156160666159643309
1156158561659903565
1156090657624974216
1156090387081509664
1156091353502711646
1729384465098164128
1729385998400252773
1156158565922555404
1729384624010600303
1729384555291373095
1156161022559914919
1156158569981458324
1156089437978777586
1729383850916088537
1729384572472194889
1729385495890286427
1156088192467413980
1729384460803089072
1729384624009362319
1156161696774126452
1729384555289599946
1156158553048600293
1729385654804203398
1729385521659074345
1156158587179570719
1156161769712940624
1729384744270078698
1729385560312781335
1729385860960813576
1729383850915555023
1729384538109562690
1156091344916395844
1156160404011376639
1156088226744018444
1729385912499751854
1729385513070121650
1156089438093350690
1156090387081758456
1729384731386144585
1729384460803085967
1156090039288299157
1156161769986502556
1729384469390056199
1729385547427891811
1156158552809195031
1156088226819831414
1729384808692940420
1156161709724812012
1729383610399071154
1156161769905023562
1156160666151591909
1156088222439340868
1156088192362675168
1156161709692529525
1156161769682350932
1156158552743689788
1729385495888608903
1729384538111538082
1156161769677673199
1729385530247899779
1156088218160163408
1729384542407162444
1156090554761092977
1729384795810457515
1156160751968570021
1729383597511850605
581811065727320850
1729384473687717825
1156090657729286729
1156089609673570027
1729384538110999416
1729384538111504356
1729385336973324030
1729384800103584512
1156091405142120392
1156090554648713202
1156158561646758749
1729385946860309192
1156088188081663983
1156161769854076648
1729385998400702204
1156161769853151070
1729384709911099104
1156088218315566935
1729385517364353803
1156161769979804343
1156161709777655566
1729384572470350756
1729384624012036701
1156160404157966009
1156158552806898376
1156159802721068602
1729385998400002577
1729384555290402572
1156160919415022186
1729384452212736794
1729384800104722292
1729382377741939277
1156160403955236555
1729384795809273424
1729384568174861123
1156161769863099997
1729382364856122346
1156159802896416354
1729384022715040483
1156088205230267953
1729384624010655721
1729385397105950684
1156161769838445225
1729385332679908176
581811065372194714
1156089437834527279
1729384538109753005
1156160167714759418
1156090039364920848
1156090301160666871
1156088218076189673
1729384447916404530
1156089609669211952
1156088222568648479
1156162130471200436
1156088222422947642
1156158552994128428
1156088218177159072
1156158587397143262
1729384563878761076
1156160752076511059
1729385397105282021
1156091405010158216
1156091405073942301
1729385830896253772
1156158587383028582
1729385311204471635
1729385534542250711
1156158587262339021
1156091675565809404
1156090039246194308
1729383850915937001
1729384460802476868
1729385319796020004
1729384460801197600
1729385856664938176
1729383696297928452
1729385483004434143
1729384967607460526
1729384800103970648
581811095680605729
1156090387136796385
1156088217954491082
1156088222419027905
1156159802704114681
1729384624010140185
1729384460803030953
1156161769815292619
1156161769779768197
1156090301326140009
1156090657742369320
1156091332009680633
1729385397105498906
1156161769736120983
1729382695571490622
1156158552770319898
1729385483005188660
1729384460800564135
1156088222436492255
1729385912500523827
1156091405017408220
1729383850914957012
1156158561346215915
1729383597512745591
1156161769779624604
1729384460800866035
1156161769970444185
1156088218177480538
1156091332105558614
1156159802892920567
1156161696811026960
1156161022442105757
1156091345017155402
1729382695569988413
1729382364856536057
1156089437963092749
1156161022398485410
1729383593219238421
1156090039182514138
1729383696297485214
1729384624009822825
1156161769866535474
1156160404120903571
1729384469390486107
1729383850915728062
1156158561526696763
1729384538111429359
1729384589650143761
1156161769977899527
1729385577492798196
1729385921091213977
1156090039320179690
1156088200838028947
1156161709835969159
1729382360562983803
1156160404152638121
1729385998399181320
1729385762177523670
1156158565927291597
1729384555292545634
1156091353577716657
1729384619714827792
1156160751800676055
1729384800102693772
1729384555291470458
1729385800831436729
1729385504478994369
1156161769959420470
1156090387254487917
1156090039188891209
1156161696981376977
1156161718317041335
1729385478707744532
1729382704159870493
1156161769985133408
1156088200954293972
1156160666135787027
1156161022564122230
1156161718304638482
1729385397104783984
1156091405168881220
1729384800102487603
1156091353470253731
1729385521660058490
1156091353594657467
1156091353520586604
1156158565707135944
1729385517363370552
1156088222564124623
1729385504479328820
1156158582978764538
1729385822306386764
1156091405054785071
1729382364858964865
1156088205310911115
1729384971902850673
1729384795807753771
1729382364857479953
1156160919472266066
1729384735679165358
1729385397103443692
1729385521660217128
1156161769698184768
1156088200985683667
1729385530247235467
1156088222560838473
1156160919296209413
1729384795807781393
1729384795809075952
1729385835189911102
1729384679845855791
1156158587268112136
1156088218084428786
1729384795808581588
1156159974708915969
1156158510078385884
1729384744268578419
1156161769693411924
1729383777902277379
1729384447915800535
1156158552909333493
1729384971901350574
1729385521659986652
1156161709549589284
1156160666101574170
1729385534542592930
1156161769941279702
1729384538109463365
1156088222554635130
1156161769738148755
1156160404199655222
1729382364858669999
1156088196782239343
1156091353512183673
1729385495888504371
1156090039229286353
1156090387181072286
1729385397104463653
1729383850915918339
1729385504479657846
1156160919463272110
1729383769312501575
1156158587374007988
1729384022714224255
1729385478710138562
1729384731386104557
1729384795810588555
1156161709684797278
1729384538111154896
1729384800103406396
1729384460802044782
1729385560312711166
1729384800103191212
1729384800105441001
1156161022365649608
1729382734224863936
1729385100752797314
1729382364856116803
1156160752030652238
1156090387193035342
1729385521657094987
1156088196810763221
1729385092162604785
1729384800102825503
1729385126520527713
1156158509972543259
1156160666073339863
1729384538111930982
1156089438088964725
1729384022715583004
1156088218281832417
1729382364856326888
1156159802887740106
1156160404195632078
1156088222506454809
1729385478709808951
1729384795809181261
1729385568902785999
1729385998399197875
1156088205296542442
1729385319796149016
1156088222458627067
1156088222491506370
1156161769824000608
1729385912501870399
1156160665944726163
1156160404089910896
1729385126521865064
1156158561331200625
1156158561477709483
1729383588922766220
1156158552915471052
1729384795809151889
1729385483003917263
1156090039314972309
1729384538111029152
1729385397105521257
1729384465095544525
1156158557093388210
1729385418580550564
1156158510101899935
1156161718387425138
1729384800103289815
1156161696978346874
1156158509871355714
1156158569947405848
1729384808695247757
1156160666016261753
1729384538112017270
1156161718434810810
1156091344962504587
1729384808695166920
1729384460800335480
1729384555291092659
1729386165903466413
1729385397103855363
1729384486571423619
1729382377740988364
1156161770000809812
1729385513067567656
1729384460802787287
1156091353439075230
1729384452212230842
1729382364856151960
1156088226790720096
1729384744270639936
1156161769682089808
1156088188147443271
1156088188052535170
1729384503752319838
1729385762177138367
1156158905162932837
1156161769704455155
1156091331989510717
1729385478709751585
1156091345013014069
1729385684868055886
1156088188052374314
1156161769679862594
1729385534545103542
1729384022713971275
1729384624010030789
1729385315499123602
1156158587346605717
1156090554622799764
1156158583115972417
1156161769708791725
1156160919543935791
1729384503752087109
1729384486571159416
1156089437851322933
1156158587295368705
1156161709857171353
1156158587335080715
1156161022541097857
1156090387192539078
1156160404167638631
1156158509868959573
1729384555291855409
1156091353500785261
1729384744270135228
1156088218210511688
1729384800104086519
1156158561612851144
1729385530248670837
1156158591507198585
1156158587210747513
1729383610397943721
1729384486570290129
1156158552884514412
1156158552883601017
1729384795808711270
1729384022713878200
1156161718278834101
1729384465097747362
1156091344902112925
1729382377742246574
1729385517364165477
1156091336275942207
1729382695569905220
1729385397105488409
1156160404117176078
1156158561354039125
1156090039307158486
1729384705614928611
1156158582943549063
1156158582846052114
1156160678958634775
1729384538110116412
1729385478708951846
1156158587262582386
1156088222439656033
1729385397104794136
1729384800103646890
1729384503750830750
1156158570183147055
1156158570053260214
1729382364856235556
1156090554750075895
1729383618986790822
1729384795808442097
1729384645486894044
1156091344829011576
1156161727005752902
1156161022648546292
1156088205231961076
1729385508774479567
1156091344957544356
1729384538111380416
1729385478708771653
1156090039274110715
1156158582957414222
1156088188185814537
1729385547426774826
1729384469392163689
1156160666003659449
1156161696826529313
1729384817285563308
1729385504479009780
1156090301004077804
1156158552944363103
1729384744270625757
1156091332099157595
1156088222423588735
1156088145187015234
1729384452211604209
1729385092162545326
1156089609917680510
1729382364857217951
1729383936816641867
1156161022633033576
1729385414282844055
1729384538110817170
1729384486570636954
1156160751888230189
1729384546702458681
1729383597513802675
1729384624011971382
1729385998400345970
1729384447917460150
1156158587234668347
1729385534544882614
1156088222380168749
1729385401400439688
1729384538111420392
1729385504478101355
1729386165904184251
1156088222472278641
1729384817282821038
1156088218141177505
1729384460801646546
1156091332146017880
1156091405206403665
1729384452212135886
1156088196681916048
1156158583128541934
1156089609735263208
1156090039328991041
1729384108615002934
1156158552938932800
1729385105047511641
1729384460800369393
1156158553031155500
1156158569967154792
1156089609728526196
1729384460802113493
1156158587244891108
1729385397104565223
1156158587348122352
1729384795809542876
1729386006990726054
1729384624011416292
1729385513068071462
1729385513069653937
1729384624011077301
1729385409989510987
1156090387138577953
1156088188183650197
1156161718242418325
1156091344869446584
1156091353643507669
1729384108615649069
1729384800105302533
1729382364857384924
1729383696296489804
1729384735679803365
1729384460800663415
1156088145168744272
1156159828583112394
1729384718499792680
1729384469392906847
1156091405141660262
1156088218259071560
1729385534544165868
581811065779971821
1156088222441133635
1729385126520647221
1156091353486623470
1729384503750839143
1156160919541663583
1729385319794079620
1156161709835140952
1729382364859049964
1156088218126458484
1729382360563922638
1156160403914555234
1729384817282694905
1729382364857156428
1156158561333623493
1729384022715704843
1729384812988812948
1156088188054110870
1156158552884004461
1729382364859109983
1729382725634001518
1729382364857701190
1729384800105594632
1729385422874261202
1729384800103485420
1729385534544527217
581811065649344396
1729385405696025137
1729384486570812936
1729384744268548049
1729385517364911950
1729385547429586932
1156161709560879072
1729384568176532402
1156160666075600622
1729384550994572014
1156158553020396372
1729385367039126385
1156159974667404950
1156089609874442089
1729384465095424973
1156158587358714681
1729385513068301019
1156159974693908087
1156158583105918970
1729384538110899882
1729384812989814475
581811065684341612
1729384555289446026
1156091344997566374
1729384538111167000
1729385504480223884
1729385856666370007
1156088222552150812
1156091332032470937
1729384503751368235
581811065660289864
1156089437997971383
1729385126522101528
1729385663392558626
1729384971902354167
1156091332000261941
1729384469391480807
1156158561449161485
1156161718174516143
1156090301354169010
1729384520932253517
1729385397104134000
1156161769955481178
1156090039318981257
1156158570157975239
1156091353521341072
1729384817282943623
1156088145150577186
1156088188247580571
1156091353497564931
1156158582975930098
1729385530248149919
1156159802881414930
1729382300432827240
1729384550994501393
1156160404180547386
1729385912500730765
1729385547427605410
1729383614693356138
1156091357740945087
1729383777901661949
1729384022714012665
1156091405136384554
1729384731383336942
1729385916794504723
1729384486572042765
1729384718498362103
1156158587418666895
1729385534544810639
1729385912500677481
1729385401400728373
1729384744270793484
1729385478709443563
1729384795809450715
1156089437999710078
1729385547427178395
1729384022715030236
1156088222491805560
1729385397102894651
1729384976198964956
1729385762177851990
1729384731386050400
1156090554546701889
1156088196683124701
1156161718461660798
1156088192463193039
1729384735679578967
1156091332120324040
1729385534544723473
1729382360561302402
1729384538110152390
1156161769870297945
1156161022641506951
1729385478710127440
1729383593218303866
1156158510073626331
1729385461528362739
1729384538110668389
1156158552807415376
1729384447915786166
1729385517362178685
1729384460801708649
1156091353471279094
1729384108614492023
1729384027008713302
1156160403903234679
1729384731383771757
1729384718498347549
1156091404983915257
1156088196629349053
1729384108613698262
1729385504479885981
1729385521658714990
1729384447917264852
1729385521658551855
1729385397103702815
1156161769789418255
1729386178788585249
1156091332101522202
1729384795809992278
1156160751784303152
1729384976197702443
1729384469392136717
1156158557071744838
1156160665932274332
1156090400003006303
1729385513067366244
1156158552743853803
1156090554644487086
1156158552866074351
1156161696915687187
1729382364856706721
1156090657780729795
1729385998399473304
1156161696928464812
1729385534544425976
1156091404973986540
1156088188093672291
1156091405006445344
1156091344914118259
1729385517363861348
1729384800103895573
1156088222627305176
1156158569953079967
1156091375116780300
1729385560311718806
1729385504477432811
1156091332185080410
1156091332183692970
1729385560311921373
1156161709702956992
1729383614692336433
1156158591494035174
1729382364857111467
1729384108615149077
1156158552967314416
1729385826599723631
1156091353678351329
1156161022506830652
1156159974544924317
1729384649780137674
1156088218158131855
1156161022620002919
1156088205300751076
1156158587358294840
1729385680572074911
1729385998400603008
1156091405035254457
1729384447918203819
1156160403954231017
1729384460800810825
1156091404996046824
1729384460801690614
1729385680572266213
1729384027008610003
1156161769693336074
1156158561611573194
1729384022714620494
1729384722793122478
1156158553011420114
1729385478709627487
1156161696896400287
1156089438050326200
1729384520931687100
1156161718315323934
1729385495888250544
1729383593218941650
1156088218304654155
1156091344889117561
1729384473687936985
1156160404046961655
1729384031305428889
1729384748565896835
1156158587430799081
1729385126520227592
1729384735680032455
1156090657725398723
1156090554761911030
1156161022375916033
1156161696973270822
1729384735680105138
1156158587278238539
1729384482276759393
1156158553034724010
1729384465097286404
1156088218345601673
1156089437999169157
1729384624010024642
1729384800103493491
1729384469391970992
1729384486572667683
1156160404191039118
1156091405005917133
1729385654803585011
1729384022714696544
1156161718399420114
1729382364858655280
1156091353575964235
1729384971903138793
1729385921090361957
1729385530250155626
1156158552991447793
1729385397105646190
1729385654801940090
1729384022715507246
1156158583098832637
1156158557154191339
1729384731385271862
1156158591481257546
1156088218234982945
1156158587170036276
1729384555291229806
1156091404949698213
1156158583123318409
1156091353588295599
1729385397105435518
1729385513069249168
1729384624010687140
1156088145242240754
1156158582960455420
1156158561332482768
1729385998398928536
1156159807120758396
1729384538110914156
1729384800102729533
1156158591621184313
1156158587419963972
1729384744268252121
1156158582882960921
1729384722795346523
1156158587165606849
1156088188099347448
1156160751785039557
1729382364858772226
1156161769931911777
1729384744267288111
1729383850915070644
1156160752009824115
1729384473685463943
1729385680573638261
1156161709569000010
1156158565793416806
1729384744270451355
1729385513068058538
1156091344857851429
1729384022715429785
1729384022713734885
1156090039207927645
1156158565627886558
1729385105047908879
1156158552802105996
1156161769917068830
1729385521658065461
1729385521657645903
1156090039186604860
1156091332185684888
1729384649781860889
1729382364857443278
1156158553016614897
1729383850917066651
1729384447918152464
1156158582831144864
1729385912501944093
1729385315499563561
1156090039161394175
1729385912499972807
1729385392808995710
1729384469390361214
1729382364856312338
1729385998398811655
1729384538110621590
1156088192390657783
1156158587282401071
1156090039197860455
1156159974501861044
1729385521657762718
1156090039175979696
1156091332085679915
1729384800104974970
1729384722795790128
1729383953996145387
1729384624009270099
1729384817284225581
1729384800104915945
1156090301339557418
1156158570064363392
1729384624011357866
1156091344986908577
1729382364857012855
1156161018090647210
1156159802774769201
1729384022715865921
1729385998399646698
1729385680571515704
1729385478709090269
1156089609715144438
1156159974693512865
1729386024168254395
1156158587131337393
1156160919431624665
1156158587401665070
1729384800105650070
1729385530247550520
1156088222569042897
1729384817283638257
1729384563881035333
1729385534544122821
1729384800103931823
1156091353649411971
1729384022713820809
1156161769920868182
1729384795810648818
1729384538110015279
1729384538112730100
1156160666083580530
1156158587364656095
1156161718145876797
1156091405012003722
1156161718330019700
1729384675548227233
1156158510119489027
1729384800104168159
1156088218278170256
1729384800102929112
1729384031305636593
1156088205263573869
1729384520931888816
1156088196772172405
1156159974670105092
1729385422873311211
1729384800103620593
1729384477982365346
581811065372893968
1156160665873052462
1729385397103788734
1156090657675066130
1729385495889806158
1729385517363251826
1156091345042385743
1729384572470198242
1156159974442035773
1729384800104269572
1156091345024946689
1729385495887971862
1156090387243930491
